100.93391528076
101.934965571357
102.933431666781
113.926337294035
115.040163477708
115.003151180287
115.076185283268
115.92112969254
116.927205600874
117.019351563568
117.056018161834
120.039150173894
120.039116998771
121.944157485272
123.012083199646
125.097169231399
128.035377892863
128.878860280067
129.019529864839
129.020712545225
130.928935425341
130.875688896914
131.034648733928
131.034959740923
132.923752994653
134.923728687844
134.915048849321
135.969732731415
136.909786204187
141.004259343489
141.004198844923
144.923597873535
144.941632041446
145.050454671263
145.930518230212
145.930157772332
147.030580001364
147.065995625073
147.94168485325
156.075137925825
157.009828980243
157.068853897336
157.029834100412
157.883837022324
158.891756269615
158.976042641026
159.977126696734
159.976802352579
161.936098585477
162.89318195964
165.040616046851
165.040723672877
165.040842818515
166.042869827565
166.99281605663
167.0380645814
168.998894847024
168.96881961435
170.870622946441
170.910980145132
170.977689138514
171.003587888592
172.06975960489
172.867820608187
173.095899171086
173.118256721488
173.082010355934
173.872303877452
174.099113811869
175.957421150011
177.888768037254
179.10744952516
180.03437125718
180.899511909888
180.973588479168
181.084790324713
182.988673698594
182.897800542537
184.889645234724
184.952166554084
185.189681571991
187.097465036463
187.098981598081
187.941428259992
188.100835786608
188.887021028578
188.958670352273
189.090521556729
189.888629906745
189.891496123506
190.093838100256
190.88786750914
190.887704769308
191.019428370336
192.92862407815
193.087050389446
193.991191012928
194.082172748199
194.924329524366
194.98952861935
194.989597015989
195.085738537066
195.90297598255
197.060086869232
197.856343884769
198.863567891839
199.007025112415
198.939783579054
199.851116226276
200.85774857455
201.112941457686
201.857227905524
201.94041465737
202.115699984531
205.986850429549
206.993920656635
207.011541735244
206.974003867118
206.973961047933
207.930585264258
208.982614659958
208.933099169497
208.930465629035
209.11777206377
210.07681276022
211.13343438309
213.014849885221
213.055375797193
213.963666236165
214.144668770232
214.050539925514
215.005207230337
215.128456737281
215.164559024535
216.109723271311
215.960353912625
217.90090397325
218.961356471438
219.123626542693
219.878197063503
221.024388864084
220.891433734451
221.153908438472
221.84377612676
221.879849214501
222.112374295388
222.877626664689
222.98471605578
222.877752777423
222.984754838464
223.133255735623
223.984347389602
224.092488761216
227.051219914197
227.093503105963
228.160257653471
228.96570590045
229.144086104721
230.053779862923
231.036648926793
231.15977323874
232.931918708155
233.154449306545
234.157866339302
234.952508460833
235.16998167574
235.170002048983
236.141462570459
237.036811878394
237.115693805682
238.932020969143
239.06026637062
239.067036556532
239.059824735101
240.071275724521
240.060980409547
240.060533474116
241.144031778588
241.096994845198
241.066783722684
242.086217087192
241.909322987762
242.081917276552
242.175927020065
243.196244754406
243.160004492516
243.952919540073
244.16322769209
244.199419954459
244.996467625045
248.080301284119
249.149513104812
249.112978729444
250.144629526295
251.095879072623
251.148109409332
252.098150603221
253.144237417443
253.217259474557
253.997082586258
254.220596032023
255.140872302462
255.232687642024
256.191753666581
256.236349930199
257.138933741889
257.17551229371
257.176980122015
258.081206424613
258.178697532677
259.03810458236
259.189712724296
259.954667711033
260.930860045989
261.137189520554
262.072852134139
262.983954603517
263.164560562627
264.16035830344
264.999392324896
264.997048767023
265.14811816941
266.150848004221
267.146901149274
266.988618750294
267.193106673582
268.149728888085
269.084337327715
269.175429279878
270.207108676305
271.152663500863
271.227625824648
272.056287777491
275.134562751374
275.162767911545
276.160473528456
277.144284026394
277.132581816076
278.14663538484
278.904235210754
279.161305191148
279.232679870209
280.166362535481
280.987934745655
281.16294982092
281.248254334099
282.010828631271
282.097782563846
282.251545360584
283.137174758066
283.100593041916
283.264095634823
283.191149062347
284.141383971146
284.267307083416
284.968173844513
284.934427598785
285.206791432274
285.16384497715
285.788006324549
286.214573792103
287.001752439061
286.91178532958
287.221794621537
287.183909071871
287.046302009253
288.004905925755
288.226704041135
289.295609366816
290.06819223495
290.196719830119
290.301753231139
291.199475490759
291.304929150004
292.202387614981
293.179145275135
293.175576475375
294.134398611079
294.134664654784
294.182049983883
294.179140870784
295.130052639127
295.155245828263
295.178381119099
295.972950011259
296.157250873889
296.158320390474
297.116949013341
297.169139329827
298.156176171385
299.152642778198
299.230432042264
299.918660181969
299.971311289949
299.934255176704
300.153983599446
300.205786223524
301.238167148754
301.968359819333
302.154475716244
302.268418982398
303.051368308824
303.274461156167
303.217354569867
304.142551965798
304.056632547196
304.280801335674
304.280370414151
305.242298059363
305.21474293525
306.134443735741
306.248735603243
306.29640164249
307.194594642057
307.15796547617
307.264290121718
308.001210031794
308.197900420528
308.161443443103
308.077965140491
309.169390192219
309.173890337897
309.278561782982
309.99982117279
309.962853449817
310.163619792368
310.17696390071
310.992453839359
311.169212037265
311.996986118351
312.17249986223
312.229714032766
312.98865991525
313.078206830648
313.077884788537
313.078163772633
313.169058723828
314.079022794946
314.078933547577
314.078853333301
314.197410850812
314.245815780031
314.170060760234
315.049898313893
315.077194357604
315.252458144734
315.17151607876
315.966693425634
316.016961046252
316.212462394466
316.255948870506
317.085724297262
317.252052211121
318.029333376439
318.259797498381
318.979101375893
319.022449893126
320.028878590327
321.209768634906
321.13162817128
321.283817485939
321.284947003197
321.97617992696
322.029942928007
322.216018963552
322.213696154927
322.291487301804
323.177252866874
323.220112445387
323.294844266902
324.073887964418
324.192780856966
324.106999453532
325.147206945657
325.18433411283
325.995409326485
326.188100609962
326.991411540192
326.906995887107
327.184830931745
327.189698594164
328.185687929919
329.056717955597
329.186723900908
329.269055843349
329.232513897692
330.272499594302
330.979189990369
331.983733491666
331.930202612319
332.243330774706
332.20803122793
333.134837839994
332.984900720737
333.218532679158
333.27961575818
333.955804468056
334.137293034374
334.284774527828
335.018775114007
336.023570915102
336.07357707978
336.269624103885
337.204846544345
337.222649645526
337.279890140883
338.238526113554
338.208121718777
338.286311722103
339.118794369916
339.200417691193
339.289763916766
340.203201272564
340.212626013489
340.30185355464
340.940227147002
340.985116953233
341.200366277179
341.241795969386
342.150553233231
342.228371947275
342.212959486719
343.084123673884
343.157568852124
343.972012245656
344.243660138594
344.978297740302
344.980822600642
345.220626394833
345.982064863188
345.982991737671
346.97519502785
347.150743195609
348.899378905638
349.054645233118
349.241644011781
349.976123992078
349.917428592255
350.090436868477
350.897115909721
351.119494728969
351.052618220344
351.251122066115
351.22065212918
351.915324032787
352.076952850921
352.253883662771
352.223926772835
352.301367379879
352.885170525793
352.852173331423
353.141780140285
352.977054218902
353.215223932859
353.199910651328
354.204785952433
354.203239131019
355.027975004106
355.157765475167
355.111282462392
356.029469625375
356.247832938014
356.166669261505
356.296248053485
356.925052948149
357.002943473165
357.020805366629
357.107586139213
358.060891935848
358.288920753547
358.994247339818
359.129269937241
360.2388259195
360.035872311515
360.989853452513
361.032267452895
361.24216126158
361.166044920817
362.168294164669
362.244141040427
362.274805672792
362.976382800088
364.140909578841
365.02733850709
365.140192122412
365.236348380661
366.143315875035
366.23972535283
367.263936214094
367.215505489031
368.219098008463
368.193200501718
368.9759745207
369.126718448947
369.137262584219
369.301360273907
370.063365745204
370.182357231162
371.152560807348
371.067857064313
371.187309567411
371.284102008112
371.97292915952
372.290976775271
373.006841396692
373.953134865003
374.13172900795
374.221311198216
374.263249347316
374.244523367424
374.235790187016
374.988770616129
375.247955813794
375.147021859424
375.183355615165
375.950318817713
376.157535418789
376.984298486967
377.160981524016
378.156556871311
379.155867358471
380.092873396501
380.159131669302
380.976368329012
380.975986696726
381.022326668487
380.976057013398
381.226520417679
381.173402389423
381.979250471221
382.130328837662
382.097107915131
382.176886359349
382.234549891123
383.13758133835
383.189037151757
383.981647712114
384.193180122843
384.197466282554
384.250033030132
384.356289533602
384.870738783344
385.139836170486
384.978033631647
385.191066554677
385.870263002235
386.055468599186
386.253121645868
386.253612750664
387.155721307542
387.285836789944
388.270122256459
388.986094382923
388.99723892672
389.231953792375
389.211052375346
390.226689261551
390.239189346765
391.227262318791
391.233089540456
391.242976567541
392.975789570486
393.276946357595
393.171503179215
393.967788150046
394.151910821694
394.174571719867
394.890167075837
394.97548905694
394.975189139737
395.229631230752
395.978408581277
396.145888088124
396.250412789895
396.975515187287
397.148722663714
397.168517880129
397.225941378325
398.229432380142
399.184100969151
399.187347977179
400.156600453991
400.983429120157
401.052124849941
401.240263453205
401.161783554813
402.050704904613
402.052187788024
402.242793585235
403.048000516298
403.295420590108
403.914393673181
404.166491039728
404.992444490531
405.192596675707
405.25510345629
406.193653096875
406.273417718259
406.844138531008
406.981246419667
407.186981817024
407.279381109407
408.190524002717
408.283525667022
408.990146982009
409.261655952383
409.286681500089
409.31122012236
410.161433060278
410.221258827185
410.313958920318
410.289476660428
410.986194654689
411.126200064143
411.224338786181
411.203174164348
411.38414934512
412.219333189831
412.245321677066
412.191951931699
412.966854294202
413.221799905598
413.969669164698
414.320062135562
414.996190175707
415.179670948863
415.31773616381
416.999043204182
417.196554048536
417.231072495548
417.875573166783
418.1997742071
418.968840726482
419.23830211923
419.168431891526
419.154588364997
420.250361194003
420.912059286178
421.22599929221
421.253308914451
421.9695588894
422.168341636162
422.25584864803
422.261114002256
423.073218961154
422.970031719266
423.208231234164
423.259292180225
423.326384491908
424.176567599627
424.28238120224
424.98510532862
424.965723447228
425.071386310414
425.257069936149
425.30520028473
425.98781864417
426.247166545174
426.21562992253
426.260373735764
426.971547589532
427.177702816235
427.219490757415
427.110973946119
427.984377643505
428.226139907429
428.213534024774
428.187759291596
429.046647880434
429.192057574451
429.217299025271
430.047975587328
430.973249250122
430.972792600016
430.972579110874
431.111587143463
431.19564849667
431.211670301425
431.975978666786
431.97501436948
432.079496196238
432.214870052536
432.196990904065
432.332899752128
433.103528968148
433.15700718602
433.190158458868
433.213950136354
433.964389908774
434.131184702076
435.225763273775
436.038027658407
436.205618498418
436.236349472255
437.000569563905
437.24016741212
437.34203477882
437.942078179865
438.095206973668
438.243255101701
438.231488686867
438.345505814667
438.982130877337
439.100625351421
439.267766772925
439.245794958733
439.320945379937
439.885238374854
440.09464593339
440.228388640742
441.097999310382
441.125849735358
440.981309615045
441.216217095337
441.251961200513
441.996701998214
442.255432036247
442.223609808883
442.976332641678
442.97290381749
443.22709668155
443.254579205273
443.966231401726
444.259731362291
444.466820722685
445.147068106313
444.972331419661
445.263000391406
445.227319115188
445.975081602099
446.083856318931
446.257620826557
446.160860008987
446.230553513311
446.977195817403
447.124328826308
447.143209027231
447.971863018827
448.122739495476
448.146511108064
448.313681342851
448.971270625574
449.129509034053
449.150869220323
449.9871184131
450.979500133802
451.131557112624
452.125613636118
452.246698794464
452.92179532169
452.980610656232
453.235102734482
453.282442764017
453.284273677085
454.179037929895
454.237874583812
454.289109752301
454.976719665099
455.141282489321
455.180685770382
455.26784119652
455.292180438475
456.271271340852
456.294655551062
456.972191210287
457.098161773536
457.297501188928
457.99991215443
458.142774970076
458.101863353838
458.421059939635
459.000302126095
459.142755601631
459.164789015565
459.290279156563
459.862655617278
460.009798391691
460.245487553617
460.211991646517
460.983079354481
461.14706468699
461.158625141797
462.161843629451
462.342544087672
462.976879629026
463.191085754804
463.162506417232
464.170679719831
464.877947598961
464.974141657511
465.174958876601
465.173903314257
465.304016748831
465.958139774652
466.240900105399
466.180350479635
466.307332747455
466.995405566237
467.188936476051
467.211596056316
467.177522986431
467.306025004892
468.223151415807
468.240999802171
468.290028837738
468.968543365092
468.975798968572
469.16880239038
469.222356999538
469.283382669756
469.36299433383
470.197920592703
470.286275499255
470.971068880001
471.278521687431
471.11387713812
471.335663774593
472.117730218414
472.285445482735
472.986266156415
472.966612780241
473.163063044448
473.282295417985
473.333301203197
474.166359752962
474.285266694534
474.828930957851
474.96233836197
474.979256372823
475.163903693166
475.288553965941
475.977671816311
475.965666007734
476.270425227697
476.178326605515
476.977948470558
477.065956418811
477.273656067124
477.236579868652
477.980942306618
478.275529997432
479.007523113862
480.183451514118
480.969276281776
480.968952192256
481.128475511579
481.121189533958
481.230858438609
481.363946885052
481.972717438649
482.274378031681
482.327025870974
482.36574056877
482.965315703814
483.299304472054
484.182422150775
484.302515294389
485.129562069732
485.278000439636
485.259080383085
486.281481523121
486.874951031309
487.186417727573
487.228554209014
487.304913929
488.178824755274
488.308440173477
488.961531784479
488.974350234672
489.12831446988
489.303340945617
489.964583082205
489.869304307552
490.373400107235
490.975694576167
491.868371072168
491.992087164154
492.204936499929
492.974402341295
493.124397538923
493.204630060344
494.127078207264
494.188033435597
494.969249404138
495.09692005909
495.220036790719
495.971711180944
496.256618804708
496.998862075192
497.091423975104
497.333907595736
497.176200407902
498.094570089014
498.253972966246
498.33654138144
498.354319861734
499.089685730382
499.255926589498
499.293611873454
500.974921266626
501.195878144465
501.223121513449
501.356669207733
502.257696358783
502.976977647071
503.065288459098
503.260576882316
503.806653850051
504.066264534373
504.270209436155
505.064885378661
505.329551289521
506.212994744308
506.271158110102
506.865355253537
506.968418251451
507.120370237949
507.981709510513
508.207772966931
508.128855698139
508.984239510532
509.11311654294
509.210619091411
509.982053719669
510.153630336807
510.944114419792
511.024598143396
511.225562193024
511.471514180473
512.117106633002
512.975412579379
512.995732346937
513.13431522403
513.250709465613
513.3095770056
514.258747136814
514.324409611109
514.313179541508
515.130334263402
515.261647432986
515.328069647807
516.26052619998
516.141372458898
516.953652080027
517.117650670236
516.991600476428
517.261980444945
518.205765437376
518.97218123613
518.965360496647
519.207341514307
519.261897624996
520.167570892989
520.909027010308
520.967494410579
521.989948077491
522.167299383719
522.981067029468
522.992559192524
523.129292330044
523.987745083604
523.986425963383
524.251859808752
524.132866241896
524.967393411044
524.959130044713
525.085318674697
525.255248822451
525.361659307197
525.962491205242
526.258865212855
526.365160098218
526.974888642608
527.143141101613
526.97463471412
527.325210964893
527.445970782938
527.843997685687
527.977502383652
527.97132550393
528.328067782725
528.326235670917
529.145779862701
529.304497694212
530.253547780988
530.306201456718
530.797279059115
530.966524842757
530.965984574274
530.965918435333
532.01818318246
532.985315941342
533.038588480471
533.1481198877
533.291469930036
533.941512348797
534.226539833248
534.246115248972
535.215308273466
537.140382406879
538.240592713985
538.95804623323
539.10125157007
539.24698479996
539.961313120673
540.262806360786
540.266815270682
540.329591551103
541.102838603478
541.332722706719
541.987389333917
542.966105894204
543.161607778919
543.17682576029
543.319684959802
543.955598694673
544.25564140303
544.309150366847
544.966254649933
545.260432706158
545.220898405963
545.968544437371
546.181859695195
546.971246280217
548.297003160217
549.095802208522
549.210034444768
549.300198987151
550.158624149226
550.298312548176
550.97179305426
553.116787552713
552.973813266288
553.205969708945
554.211736352573
555.216397943128
556.214024457516
556.965018577447
557.212630344436
557.335731402192
558.211543211196
558.338961997518
558.980368375681
561.211871683108
562.970289806722
564.244263187709
566.987391341364
567.168242688572
567.534520323562
568.18853199222
568.360873321475
568.538033734695
568.900742762029
569.275225356563
570.277706623779
570.963884012334
571.110313078363
571.351095127436
572.181677347653
572.353275600095
573.109076704924
573.330353738251
574.109237115014
574.233875318284
574.460435927418
574.974083322276
574.957428188525
574.955342771149
575.237223811263
575.371823948627
575.958909136419
576.196257493262
576.971492814148
576.971181152665
577.098977174617
577.223412472406
577.973876057157
578.084973134026
578.229474588775
579.082547960252
579.013237508298
579.087414137228
579.21116299455
579.946083013875
580.082301970997
580.962453569816
580.96244671648
581.138071580165
581.524925848308
581.983212551861
582.134214485378
582.509234940522
582.975677007564
583.117056231488
583.136839687798
585.347225250051
586.965553012134
587.345978134818
587.978190481491
588.475886242641
588.896424089186
588.954477582411
589.514289810437
589.47883720046
589.957644778818
590.154901752395
591.116312027135
591.342643544354
591.985061098638
592.24334160434
592.963272137463
593.073138601272
593.271426606455
593.347986234288
594.274441717114
594.962926507096
594.962471421486
595.07303378338
595.965243731926
596.006760389216
596.968210803461
597.133243440331
598.004189191963
598.128756021022
598.504511097549
599.50499611669
600.388995494658
600.968846501801
601.360925645755
602.38740357861
603.004620518555
603.188463732322
605.124971793885
605.131148984299
606.036887874426
606.22790219346
606.171221179483
606.961640220664
607.088103922428
607.230420988397
607.122545880474
607.965520312746
608.090743382783
608.975207773777
609.089187677414
609.520548763306
609.557223437587
610.268428025322
610.088998133282
610.522897078413
610.561574188776
610.969981458014
611.148695241827
611.278317805125
612.244526728608
613.198219408157
613.208236892903
613.503384421797
615.011127543626
614.951483819417
615.377492632362
616.011702274422
616.277326483889
617.201532368601
617.353911207008
618.356732834672
618.84569674959
621.10881287743
620.960964288317
621.104955710302
621.195882024936
621.229373556785
622.199782294433
622.225040458973
623.106876842274
622.967048961647
623.22717630439
623.20403546919
624.106089922103
624.202110939149
624.795509931613
624.953023504444
624.952587449568
625.104241873432
625.552257092538
625.955564668583
626.105177523644
626.511292086549
626.967819403016
627.409625634042
627.970935991071
629.944229582253
630.959010777013
630.964290690099
633.015478366058
633.155406271494
634.817958154891
634.887586902881
635.156411108508
637.587338304019
637.815592585378
638.95121722722
639.067483545002
639.95493710299
640.169881958326
640.969247270623
642.959459687317
644.18166029296
644.959516308422
645.129435995163
645.088275474803
645.32588177754
645.961710844593
646.219087773077
646.328927020884
646.964363389436
647.127345860498
647.109969535595
647.327370983219
648.128730398941
649.114132357437
650.122157522031
650.965515213845
651.102818051346
651.10343277295
651.374370199263
651.567709021622
652.103911558857
652.377735429233
652.967285146862
653.10128334607
653.581988995365
654.101420078269
654.140831051601
655.042719936233
655.158216420302
656.072550233982
656.159136868977
656.958198009586
657.074533504892
657.157053047588
657.961253662077
658.154721696844
659.102712442694
659.403635710006
660.069753153757
661.060207557653
661.38204742888
663.060177350871
665.008488068994
668.457385654442
668.95994345547
669.060339995618
669.518617483161
670.027096707229
670.957553891261
672.112324153849
672.973095911372
672.956060725917
673.118454373566
673.356623016977
673.515683786727
674.214663580689
674.157393015434
674.359505064068
674.958933097585
674.948813678026
675.075255223976
675.359691326775
676.077554222727
676.964180616696
677.967544459012
679.10482728471
679.938383967542
680.055907657366
680.957531514839
680.955694584468
681.066433680693
681.959329325954
683.012394845025
682.936811947555
683.76920257153
684.170532236686
685.12000714603
685.181018108903
686.193307567852
688.947706032902
689.091456312269
689.951045429355
690.186434755428
690.964939216216
692.18673551294
692.957613512069
694.955915229859
695.502314323012
695.95829031914
696.495520852206
696.961530606609
697.490410175345
697.487388879488
698.490947598414
699.122707266555
700.572361613343
700.962993223471
701.387447929382
701.51241109716
702.964298708827
703.470973618484
704.162864219502
705.406702999483
706.955251159933
708.16838291826
710.179558002
710.629637058983
712.168741170611
712.48209721978
712.627336198994
712.949874319083
713.312567533993
713.483651199058
713.428218042343
714.317588620704
714.432202571345
714.499808149045
715.005048505303
718.107839792447
719.148034111105
720.148596981307
720.954137464537
721.145022230617
720.99542656787
722.146129566731
722.371320915881
722.969627252907
723.143747446982
723.031760389156
723.374316705999
723.534105769356
724.537039862667
724.947741595506
724.944496798374
725.121354464885
725.537809221549
725.94887242922
726.12194255328
726.624240705657
726.961015010398
727.120386821409
727.627658291631
727.549367009407
727.964336603765
728.118922642827
728.640449772737
729.116681837893
729.046186438011
729.17649856542
729.475771182193
729.934283001656
730.177420273447
730.95264943588
731.175876111996
732.175167240053
733.009715130334
733.10751113676
734.392707733638
734.585227785796
735.39645869764
736.392457726518
737.046052016408
737.394883442776
738.944215003271
739.451540812333
739.528381364458
739.948219427622
740.639276636774
740.972448937082
741.343984734385
742.200889542348
743.02136627596
744.045785372592
744.421483844269
744.952571813296
745.048084468927
745.425155573397
745.955214815435
745.954919982817
746.163859987289
746.427779502244
746.957232857175
746.96606065686
747.457330535916
747.564773305016
748.568295068006
750.082633717727
751.565534691352
752.568271430551
753.569211494461
754.075295559398
754.653615729566
755.076040467634
755.661406274157
756.632785862716
756.951818875845
757.955210076721
758.965862174698
761.410614700104
762.942101556977
765.001186840046
766.004878527185
766.994445119233
767.560914515561
768.062015906689
768.563786517041
768.972920434626
770.950229919197
771.143113340411
773.140081933856
774.942438542892
775.946140437136
776.957553491745
777.960946094697
780.580261928135
780.938370395402
781.299696266892
782.595365076682
783.006819342414
782.827255068938
783.095901519819
785.47224160911
786.097739560417
786.47543837354
787.471989675131
788.473884473063
788.940690085034
789.945234829488
793.165791019194
794.166895404526
794.596740716595
794.94923666841
795.165034053477
795.951724610141
795.951689826373
796.16455786806
796.598527164036
796.954777251072
797.161876293671
798.161875290672
798.589913744133
799.140009719922
800.141705645038
801.139329092332
802.231131267272
802.138720433924
802.558538266661
803.195133064733
803.562061775278
804.196145548472
805.193721307268
806.192946769769
807.191861026951
808.612691692878
808.751910243661
809.616490905576
810.334137287351
810.626485738727
812.606305301618
814.586556674755
814.997242986464
817.572718793602
818.064033707374
818.57606005091
819.578824058195
820.061675938348
820.185042124594
820.222234471869
820.581185158636
820.946340833743
821.184428434294
822.184980307287
824.606272109494
824.940329448692
825.609627492556
825.942349175279
826.615128796348
826.954027915841
827.957330418881
828.093670021353
829.102665000838
829.929452199126
836.64326639532
838.659656946315
838.937689724559
839.554478183811
839.630015964478
840.601748074302
840.557723498488
841.62261521847
841.557485276838
842.616069056679
842.966860083135
844.945611723273
845.948195257841
846.951748449085
847.160851347506
847.723063343383
848.160188057673
848.927404890359
852.639814794524
853.640387850533
854.617726868585
855.620653270943
856.63162433386
858.999193805478
863.194753087004
864.9965632087
866.671863006448
867.185577790955
868.185492886972
868.63348388725
868.669131161677
869.183798754167
869.634654541454
870.1835684123
870.485379527996
870.545812327908
870.649998919347
871.182230980753
871.491355206217
871.65311240461
873.014723097491
873.158253383027
874.158912085167
874.935835919327
875.158814887076
875.93897418187
876.623247941227
876.950777722931
877.213595542196
877.955586189099
878.214991078765
879.212572418307
880.213413683616
880.670408059101
881.211559420697
881.674313341133
882.685113891327
883.000395507736
883.670741920508
885.548700704994
886.550689299333
887.53785802856
888.53901452808
888.934232047046
889.936328445644
894.204023909134
894.942201394025
895.204111499457
895.944811515445
896.2027685214
896.948810636075
897.667548657048
898.201230188387
898.681551919361
901.525451456725
902.528123892149
903.124038012124
907.541460793667
907.923529058799
908.544921647913
910.718818092539
917.497135297715
918.503502272163
919.501832116871
924.933183030629
926.947694911925
932.136823407463
932.998623084237
933.605926368143
933.624049573004
939.478266684546
941.203564866477
942.203071901674
943.201370781772
944.202303206224
944.938563505456
945.199570177353
945.941206225638
946.925186147477
947.177780205046
951.231164388577
952.232259934231
953.230233020791
954.229973991951
955.22811469121
968.221682444073
969.222393504317
970.219284756074
970.512905272564
973.207262778188
975.525634727578
975.936835411209
980.969236501922
981.99278662521
984.713391647512
985.484463219655
986.488201815357
993.991833379204
994.934750453486
